132638858448
500
1
3
5
7
7
7
9
11
23
27
27
29
29
29
31
39
41
43
45
45
45
49
49
49
51
51
55
63
63
63
65
83
85
87
89
95
97
97
97
99
99
99
101
101
101
101
103
105
105
105
105
105
109
113
113
117
125
125
131
137
139
143
143
145
145
147
147
147
149
151
153
153
153
153
153
153
153
153
155
155
157
157
157
157
165
165
165
171
171
177
177
179
187
191
195
199
199
199
199
205
207
211
215
217
217
219
219
221
221
221
221
223
229
231
233
235
235
239
241
245
245
245
247
251
263
263
263
273
277
279
279
289
293
295
295
297
297
297
297
297
301
301
307
315
317
321
321
321
321
323
325
325
327
327
327
327
329
329
329
329
333
333
333
333
335
343
343
349
349
353
355
355
361
365
365
367
369
369
369
373
381
389
401
403
403
407
415
427
431
433
439
439
443
445
451
465
469
471
471
471
471
473
473
473
473
473
473
473
473
477
481
489
491
491
493
493
501
501
507
513
513
513
513
513
515
515
515
517
517
517
517
521
521
521
523
523
523
523
523
522
2
2
2
2
2
2
2
2
2
2
2
2
2
2
2
2
2
2
2
2
2
2
2
2
2
2
2
2
2
2
2
2
2
2
2
2
2
2
2
2
2
2
2
2
2
2
2
2
2
2
2
2
2
2
2
2
2
2
2
2
2
2
2
2
2
2
2
2
2
2
2
2
2
2
2
2
2
2
2
2
2
2
2
2
2
2
2
2
2
2
2
2
2
2
2
2
2
2
2
2
2
2
2
2
2
2
2
2
2
2
2
2
2
2
2
2
2
2
2
2
2
2
2
2
2
2
2
2
2
2
2
2
2
2
2
2
2
2
2
2
2
2
2
2
2
2
2
2
2
2
2
2
2
2
2
2
2
2
2
2
2
2
2
2
2
2
2
2
2
2
2
2
2
2
2
2
2
2
2
2
2
2
2
2
2
2
2
2
2
2
2
2
2
2
2
2
2
2
2
2
2
2
2
2
2
2
2
2
2
2
2
2
2
2
2
2
2
2
2
2
2
2
2
2
2
2
2
2
2
2
2
2
2
2
2
2
2
2
2
2
2
2
2
2
2
2
2
2
2
2
2
2
2
2
2
2
2
2
2
2
